timestamps:
  login: 1445677398859
  logout: 1445677533007
ipAddress: 192.168.1.100
logoutlocation:
  world: '0'
  x: -166.15048845471483
  y: 64.0529304131977
  z: 291.3124344768116
  yaw: -75.6003
  pitch: -10.650009
