timestamps:
  login: 1445750745614
  lastteleport: 1445750682261
  logout: 1445734732238
ipAddress: 192.168.1.136
lastlocation:
  world: '0'
  x: 697.778161296986
  y: 69.0
  z: 426.1565588135338
  yaw: -56.100105
  pitch: 11.1
logoutlocation:
  world: '0'
  x: 702.3547793459817
  y: 64.0
  z: 435.1596478709718
  yaw: 0.30002904
  pitch: 9.300009
