timestamps:
  login: 1445728535747
  lastteleport: 1445728578054
  logout: 1445728583197
ipAddress: 192.168.1.136
lastlocation:
  world: '0'
  x: 177.73343899236482
  y: 64.0
  z: 216.09089385174713
  yaw: -42.59998
  pitch: 9.899999
logoutlocation:
  world: '0'
  x: 175.95071580062228
  y: 64.0
  z: 219.37426449148086
  yaw: 34.950024
  pitch: 6.4499984
