spawns: 
  default: 
    world: '0'
    x: 704.274279133854
    y: 64.0
    z: 433.9350277118136
    yaw: 271.51013
    pitch: 1.8003273
