spawns: 
  default: 
    world: '0'
    x: 174.5
    y: 64.0
    z: 215.5
    yaw: -127.94999
    pitch: 13.949999
